10
6
50
0    165      6      0      0      0      0      0      0      0
0      0    126      3      0      0      0      0      0      0
0      0      0     58     30      0      0      0      0      0
0      0      0      0    159     21      0      0      0      0
0      0      0      0      0     55     21      0      0      0
0      0      0      0      0      0    154     13      0      0
0      0      0      0      0      0      0    102      7      0
0      0      0      0      0      0      0      0     79     51
0      0      0      0      0      0      0      0      0     91
0      0      0      0      0      0      0      0      0      0
