10
6
50
0     39     18     58      2      0      0      0     27      0
0      0     46     54      2     12      0      2      0      0
0      0      0     40     12      0      3      0      0      0
0      0      0      0      9      2      5      1      3     55
0      0      0      0      0     49     10     48     12     46
0      0      0      0      0      0      0     23      1      1
0      0      0      0      0      0      0      2      7     25
0      0      0      0      0      0      0      0     11     36
0      0      0      0      0      0      0      0      0      0
0      0      0      0      0      0      0      0      0      0
