15
6
50
0      0      1     14      0      0      1      0      0      0     74     21      0      0      0
0      0      2      0      5      1     19      0      0      0      0      0     29      0      0
0      0      0      0      7      4      1      1      3      0      0     90      0      0      0
0      0      0      0      0      6      2      0      0      0      0      0      0      0      0
0      0      0      0      0      1      0      0      0      0      0      0     35      0      0
0      0      0      0      0      0      1      2      0      0      0      0      0      0      0
0      0      0      0      0      0      0      0      0      0      0      0      0     11      0
0      0      0      0      0      0      0      0      0      6      0      0     23      0      5
0      0      0      0      0      0      0      0      0      0      1      0      0      0      0
0      0      0      0      0      0      0      0      0      0      0      0      0      0      5
0      0      0      0      0      0      0      0      0      0      0      0      0      0      6
0      0      0      0      0      0      0      0      0      0      0      0      1      2      7
0      0      0      0      0      0      0      0      0      0      0      0      0      0      2
0      0      0      0      0      0      0      0      0      0      0      0      0      0      0
0      0      0      0      0      0      0      0      0      0      0      0      0      0      0
