20
6
50
0     20     50     18      0      0      0      0      0      0      0      0      0      0      0      0      0      0      0      0
0      0     39     22      2      8      1      0      0     10      0      0      5      0      0      0      0      0      0      0
0      0      0     49     18     22      3      0      0      0      0     10     10      0      0     31      0      0      0      0
0      0      0      0     29      4     14      0      0      0      0      0     21      0      0      0      0      0      0      0
0      0      0      0      0      8      7      0     54      0      0     24      0      0      0      3      0     16      0      0
0      0      0      0      0      0     24      0      0      0      0      0      6      0      0      1      0      0      0      0
0      0      0      0      0      0      0      0      0     26      0      0      0      0     31      0      0      0      0     1
0      0      0      0      0      0      0      0      1      9     35      5      0      0      0      0      0      1      0      0
0      0      0      0      0      0      0      0      0      0      0      0      0      0      0      0      0      0      0      0
0      0      0      0      0      0      0      0      0      0      6      8      2      0      0      0      0      0      0      0
0      0      0      0      0      0      0      0      0      0      0      3      0      0      0      0      0      0     48     19
0      0      0      0      0      0      0      0      0      0      0      0      5      0      0      0      0      0      0     46
0      0      0      0      0      0      0      0      0      0      0      0      0      0      0      0     49      0      5      0 
0      0      0      0      0      0      0      0      0      0      0      0      0      0      0     11      0      0      0     38
0      0      0      0      0      0      0      0      0      0      0      0      0      0      0      0      0      0      0      0
0      0      0      0      0      0      0      0      0      0      0      0      0      0      0      0      0      0      0      0
0      0      0      0      0      0      0      0      0      0      0      0      0      0      0      0      0      0     30     47
0      0      0      0      0      0      0      0      0      0      0      0      0      0      0      0      0      0     14     26
0      0      0      0      0      0      0      0      0      0      0      0      0      0      0      0      0      0      0      0
0      0      0      0      0      0      0      0      0      0      0      0      0      0      0      0      0      0      0      0
