15
6
50
0     72      8      0      0      0      0      0      0      0      0      0      0      0      0
0      0    211      3      0      0      0      0      0      0      0      0      0      0      0
0      0      0     35      3      0      0      0      0      0      0      0      0      0      0
0      0      0      0    135     33      0      0      0      0      0      0      0      0      0
0      0      0      0      0     15     21      0      0      0      0      0      0      0      0
0      0      0      0      0      0      6     36      0      0      0      0      0      0      0
0      0      0      0      0      0      0     47      0      0      0      0      0      0      0
0      0      0      0      0      0      0      0    214      0      0      0      0      0      0
0      0      0      0      0      0      0      0      0     76      1      0      0      0      0
0      0      0      0      0      0      0      0      0      0     42      1      0      0      0
0      0      0      0      0      0      0      0      0      0      0    256      0      0      0
0      0      0      0      0      0      0      0      0      0      0      0     31      0      0
0      0      0      0      0      0      0      0      0      0      0      0      0    234      0
0      0      0      0      0      0      0      0      0      0      0      0      0      0     32
0      0      0      0      0      0      0      0      0      0      0      0      0      0      0
