15
6
50
0     11     34     21     44     19      1      0      0      0      0      0      0      0      0
0      0      9     14     17      6      1      0      0     14     18     42      0      0      3
0      0      0      4     42      4      0      0      0      2      0      0      0      0      0
0      0      0      0     13     16      2      0      0      0      0      0      0      0      0
0      0      0      0      0     16     31      0      0      1      6      0      0      0      0
0      0      0      0      0      0     14      1     34      1      0      0      0      0     42
0      0      0      0      0      0      0      3      0      4     16     12     12     40      0
0      0      0      0      0      0      0      0      0      1      3      9      0     36      0
0      0      0      0      0      0      0      0      0      3      0      0      0      0      0
0      0      0      0      0      0      0      0      0      0      0      0      0      0      0
0      0      0      0      0      0      0      0      0      0      0      1      0      0     60
0      0      0      0      0      0      0      0      0      0      0      0      0      0     43
0      0      0      0      0      0      0      0      0      0      0      0      0     22     42
0      0      0      0      0      0      0      0      0      0      0      0      0      0      0
0      0      0      0      0      0      0      0      0      0      0      0      0      0      0
