10
6
50
0      1      9     26      2      0     43      1      0      0
0      0      1      3     16      0      0      3      0      0
0      0      0      2      7      0      0     87      0      2
0      0      0      0      4      0      3      0      0      0
0      0      0      0      0      1      0     12     10     78
0      0      0      0      0      0      1      1     13     45
0      0      0      0      0      0      0      0      0      0
0      0      0      0      0      0      0      0      0      4
0      0      0      0      0      0      0      0      0      0
0      0      0      0      0      0      0      0      0      0
