20
6
50
0    192     58      0      0      0      0      0      0      0      0      0      0      0      0      0      0      0      0      0
0      0     17      1      0      0      0      0      0      0      0      0      0      0      0      0      0      0      0      0
0      0      0    222      0      0      0      0      0      0      0      0      0      0      0      0      0      0      0      0
0      0      0      0     57     19      0      0      0      0      0      0      0      0      0      0      0      0      0      0
0      0      0      0      0    137     18      0      0      0      0      0      0      0      0      0      0      0      0      0
0      0      0      0      0      0    118      5      0      0      0      0      0      0      0      0      0      0      0      0
0      0      0      0      0      0      0     44     90      0      0      0      0      0      0      0      0      0      0      0
0      0      0      0      0      0      0      0    125      0      0      0      0      0      0      0      0      0      0      0
0      0      0      0      0      0      0      0      0     74      3      0      0      0      0      0      0      0      0      0
0      0      0      0      0      0      0      0      0      0    180     24      0      0      0      0      0      0      0      0
0      0      0      0      0      0      0      0      0      0      0     92      0      0      0      0      0      0      0      0
0      0      0      0      0      0      0      0      0      0      0      0     50     54      0      0      0      0      0      0
0      0      0      0      0      0      0      0      0      0      0      0      0    159     17      0      0      0      0      0
0      0      0      0      0      0      0      0      0      0      0      0      0      0     33     27      0      0      0      0
0      0      0      0      0      0      0      0      0      0      0      0      0      0      0    164      2      0      0      0
0      0      0      0      0      0      0      0      0      0      0      0      0      0      0      0     37      0      0      0
0      0      0      0      0      0      0      0      0      0      0      0      0      0      0      0      0    261      0      0
0      0      0      0      0      0      0      0      0      0      0      0      0      0      0      0      0      0     30      0
0      0      0      0      0      0      0      0      0      0      0      0      0      0      0      0      0      0      0    130
0      0      0      0      0      0      0      0      0      0      0      0      0      0      0      0      0      0      0      0
